4.23 28.14 -1.86
4.23 28.14 -1.86
0.46 29.01 -16.33
0.46 29.01 -16.33
0.14 28.61 -16.76
-0.16 28.24 -17.23
-1.28 26.91 -18.52
-14.26 22.23 -18.73
-13.89 22.48 -18.49
-13.29 22.62 -18.60
-12.49 22.80 -18.79
-12.01 22.93 -18.90
-11.47 23.12 -18.93
-11.47 23.12 -18.93
-10.95 23.33 -19.03
-10.36 23.52 -19.15
-10.36 23.52 -19.15
-9.69 23.68 -19.24
-9.00 23.89 -19.33
-8.28 24.11 -19.36
-7.54 24.26 -19.42
-6.79 24.37 -19.47
-6.01 24.58 -19.53
-6.01 24.58 -19.53
-5.21 24.68 -19.60
-4.39 24.82 -19.62
-3.57 25.00 -19.68
-2.72 25.07 -19.79
1.53 25.43 -19.78
1.53 25.43 -19.78
2.34 25.45 -19.75
13.94 23.51 -17.24
15.02 23.01 -16.52
15.12 22.70 -16.10
15.12 22.70 -16.10
-0.40 20.70 -24.57
-0.82 20.57 -24.87
0.48 27.73 -13.79
0.52 27.42 -13.20
1.66 26.85 -4.25
1.84 27.12 -3.79
1.89 27.45 -3.31
1.89 27.45 -3.31
1.82 27.72 -2.83
1.82 27.72 -2.83
1.75 27.69 -2.34
1.41 27.37 -2.75
1.41 27.37 -2.75
1.09 27.08 -3.40
0.71 26.94 -3.98
0.53 26.72 -4.73
0.38 26.55 -5.23
0.16 23.14 -5.35
0.16 23.14 -5.35
0.08 22.96 -4.88
0.08 22.96 -4.88
0.08 22.96 -4.88
0.10 23.41 -4.60
0.10 23.41 -4.60
0.10 23.41 -4.60
0.10 23.41 -4.60
0.08 24.06 -4.39
0.08 24.06 -4.39
0.08 24.06 -4.39
0.08 24.06 -4.39
0.02 24.55 -4.28
0.02 24.55 -4.28
0.02 24.55 -4.28
0.02 24.55 -4.28
-0.14 25.10 -4.17
-0.01 25.88 -4.22
-0.01 25.88 -4.22
-0.01 25.88 -4.22
-0.01 25.88 -4.22
-0.01 25.88 -4.22
-0.01 25.88 -4.22
-0.40 26.13 -4.63
-0.40 26.13 -4.63
-0.40 26.13 -4.63
-0.40 26.13 -4.63
-0.45 26.76 -4.95
-0.45 26.76 -4.95
-0.45 26.76 -4.95
-0.45 26.76 -4.95
-0.49 27.03 -5.46
-0.49 27.03 -5.46
-0.49 27.03 -5.46
-2.74 24.95 -19.01
-3.05 24.90 -19.62
-3.30 24.60 -20.03
-1.31 21.38 -19.11
-0.97 21.84 -18.44
-0.97 21.84 -18.44
0.67 17.56 -8.61
0.65 17.15 -8.89
0.65 17.15 -8.89
0.69 16.57 -9.18
0.57 16.10 -9.60
0.57 16.10 -9.60
0.39 15.72 -10.05
0.39 15.72 -10.05
0.39 15.72 -10.05
0.21 15.47 -10.52
0.21 15.47 -10.52
0.21 15.47 -10.52
0.21 15.47 -10.52
0.21 15.47 -10.52
-0.18 15.60 -10.90
-0.18 15.60 -10.90
-0.18 15.60 -10.90
-0.18 15.60 -10.90
-1.50 14.44 -21.68
-1.60 14.14 -22.14
-1.60 14.14 -22.14
-1.67 13.72 -22.43
-1.67 13.72 -22.43
-2.12 13.53 -22.56
-2.67 13.46 -22.54
-2.67 13.46 -22.54
-3.53 13.20 -22.52
-4.26 13.17 -22.46
-4.79 13.19 -22.40
-5.59 13.14 -22.29
11.78 14.97 -20.98
12.09 15.20 -20.46
12.58 15.60 -19.76
13.01 15.87 -19.39
13.41 16.08 -19.17
13.41 16.08 -19.17
13.68 16.57 -19.44
13.68 16.57 -19.44
13.51 16.19 -17.72
13.63 17.54 -18.27
13.63 17.54 -18.27
14.09 17.62 -17.52
14.09 17.62 -17.52
14.37 17.44 -16.94
14.37 17.44 -16.94
14.53 17.47 -18.65
14.91 17.81 -18.68
14.91 17.81 -18.68
15.04 17.90 -17.94
15.09 18.59 -17.12
15.02 18.77 -17.97
15.02 18.77 -17.97
14.91 18.37 -18.45
15.20 17.93 -18.64
15.20 17.93 -18.64
15.29 17.30 -18.77
15.29 17.30 -18.77
15.28 16.75 -17.99
15.28 16.75 -17.99
15.25 17.26 -17.40
15.25 17.26 -17.40
15.19 17.35 -16.76
15.39 17.70 -17.66
15.39 17.70 -17.66
15.39 17.70 -17.66
15.67 17.32 -17.44
15.75 17.27 -16.28
15.75 17.27 -16.28
15.63 17.81 -16.03
15.63 17.81 -16.03
15.63 17.81 -16.03
14.60 18.47 -15.70
14.60 18.47 -15.70
14.60 18.47 -15.70
14.50 19.43 -15.05
14.50 19.43 -15.05
14.13 18.44 -15.52
14.13 18.44 -15.52
13.59 17.71 -16.80
13.59 17.71 -16.80
0.75 17.08 -24.21
0.37 16.68 -24.86
0.37 16.68 -24.86
-0.03 16.37 -25.42
1.54 20.46 -5.32
1.74 20.72 -4.72
1.79 20.98 -4.19
1.70 21.38 -3.75
1.59 21.67 -3.33
1.55 21.94 -2.84
1.55 21.94 -2.84
1.90 21.91 -2.44
2.09 22.35 -2.00
2.08 22.71 -1.64
2.17 23.23 -1.34
2.47 23.79 -1.05
3.02 24.36 -0.74
3.02 24.36 -0.74
3.58 24.80 -0.47
3.97 25.18 -0.34
4.42 25.52 -0.15
5.02 25.72 0.01
5.02 25.72 0.01
-10.73 10.65 -20.90
-11.06 10.76 -20.53
-11.00 10.89 -20.04
-11.00 10.89 -20.04
-10.70 11.31 -19.93
-10.22 11.28 -20.25
-10.22 11.28 -20.25
-9.72 11.61 -20.31
-9.09 11.86 -20.65
-8.71 12.00 -20.96
-8.26 12.21 -21.37
-7.78 12.37 -21.80
-7.78 12.37 -21.80
-8.90 16.49 -20.13
-8.50 16.91 -19.79
-8.06 17.35 -19.35
-8.06 17.35 -19.35
-7.63 17.72 -18.93
-10.92 11.59 -19.55
-10.92 11.59 -19.55
-11.43 11.54 -19.44
-11.59 12.01 -19.50
8.82 15.59 -21.22
8.27 15.86 -20.77
7.56 16.09 -20.26
-2.24 17.47 -7.03
-2.24 17.47 -76.48 24.63 -15.30
5.36 23.91 -17.75
5.36 23.91 -17.75
5.36 23.91 -17.75
5.17 23.40 -17.97
4.53 22.98 -18.56
4.53 22.98 -18.56
4.47 23.56 -18.22
1.62 23.84 -21.03
1.62 23.84 -21.03
1.05 24.12 -21.30
1.59 23.36 -22.33
1.93 22.93 -22.26
1.39 23.58 -21.43
1.39 23.58 -21.43
1.39 23.58 -21.43
0.90 23.47 -21.90
0.46 23.18 -22.22
0.46 23.18 -22.22
0.08 22.65 -22.42
0.08 22.65 -22.42
0.08 22.65 -22.42
-0.40 21.58 -22.81
-0.40 21.58 -22.81
-0.79 21.93 -22.74
-0.79 21.93 -22.74
-0.79 21.93 -22.74
-1.44 22.15 -22.62
-1.97 22.09 -22.64
-1.97 22.09 -22.64
-2.79 22.10 -22.78
-3.56 22.05 -23.14
-4.05 21.95 -23.40
-10.04 19.53 -22.83
-10.04 19.53 -22.83
-10.53 19.23 -22.84
-10.53 19.23 -22.84
-10.53 19.23 -22.84
-11.06 19.15 -22.65
-11.56 18.81 -22.60
-12.20 18.57 -22.63
-12.51 17.90 -22.44
-12.80 17.33 -22.40
-12.80 17.33 -22.40
-13.03 16.73 -22.45
-12.80 16.70 -22.40
-12.81 16.65 -21.72
-12.81 16.65 -21.72
-12.53 16.59 -20.95
-12.53 16.59 -20.95
-12.23 16.72 -20.54
-11.80 17.12 -20.34
-11.39 17.39 -20.15
-10.77 17.73 -19.99
-10.77 17.73 -19.99
-10.20 18.08 -19.72
-9.61 18.51 -19.47
-8.99 18.96 -19.19
-8.99 18.96 -19.19
-8.52 19.36 -18.84
-8.15 19.71 -18.58
-7.83 20.05 -18.34
-7.41 20.44 -18.00
9.85 19.80 -17.37
10.03 19.99 -17.84
9.77 20.15 -18.30
9.51 20.14 -18.78
9.20 20.05 -19.59
8.98 19.87 -20.34
8.98 19.87 -20.34
8.88 19.47 -21.09
8.89 19.07 -21.82
9.09 19.06 -22.30
9.54 19.26 -22.19
9.99 19.49 -21.62
10.45 19.74 -20.86
10.94 19.99 -20.07
11.28 20.17 -19.62
11.60 20.33 -18.99
11.99 20.57 -18.55
12.35 20.84 -17.99
12.65 21.14 -17.43
13.16 22.36 -13.45
12.66 22.64 -13.67
12.38 23.23 -14.03
12.38 23.23 -14.03
12.22 23.73 -14.44
12.22 23.73 -14.44
11.92 23.94 -14.89
11.92 23.94 -14.89
11.60 23.84 -15.35
11.43 23.37 -15.68
11.29 22.68 -16.22
10.59 17.08 -20.40
10.57 16.62 -20.62
10.57 16.62 -20.62
10.57 16.62 -20.62
10.89 16.45 -20.19
10.82 16.50 -19.46
10.63 16.57 -18.51
10.48 16.60 -17.92
10.48 16.60 -17.92
7.83 20.92 -17.57
8.02 20.75 -18.09
8.14 20.64 -18.68
8.14 20.64 -18.68
8.23 20.54 -19.45
8.29 20.50 -20.20
8.26 20.45 -20.85
8.26 20.45 -20.85
8.16 20.45 -21.55
7.96 20.39 -22.24
7.96 20.39 -22.24
7.59 20.28 -22.98
7.16 20.17 -23.57
7.16 20.17 -23.57
6.66 20.05 -24.20
6.66 20.05 -24.20
-3.05 17.29 -24.25
3.35 6.80 -11.46
3.35 6.80 -11.46
1.54 26.10 -15.92
1.54 26.10 -15.92
1.48 26.23 -16.63
1.48 26.23 -16.63
1.11 26.19 -17.09
1.11 26.19 -17.09
0.44 26.01 -17.46
-0.18 25.70 -17.83
-0.18 25.70 -17.83
-0.87 25.33 -18.26
-1.50 25.04 -18.55
-1.50 25.04 -18.55
-2.21 24.84 -18.78
-2.94 24.62 -19.10
-3.51 24.52 -19.29
-4.13 24.40 -19.47
-4.13 24.40 -19.47
-4.83 24.30 -19.75
-4.83 24.30 -19.75
-8.12 23.77 -20.13
-8.82 23.62 -20.16
-8.82 23.62 -20.16
-7.08 25.68 -15.52
-6.52 25.42 -15.21
-6.52 25.42 -15.21
-6.12 25.32 -14.88
-5.68 25.46 -14.44
-5.45 25.71 -13.98
-5.45 25.71 -13.98
-5.34 26.04 -13.58
-5.27 26.34 -13.16
-5.13 26.62 -12.58
-2.85 24.14 -21.28
0.59 20.63 -24.83
0.59 20.63 -24.83
9.27 23.61 -15.40
8.82 23.79 -14.67
8.46 23.98 -14.34
1.31 27.27 -5.02
1.52 27.25 -4.57
1.03 27.11 -4.62
0.78 27.30 -5.02
0.78 27.30 -5.02
-19.77 22.14 -26.78
-16.45 23.29 -28.62
-15.97 23.69 -28.82
-15.28 23.48 -29.32
-15.28 23.48 -29.32
-14.38 23.19 -29.69
-13.81 23.38 -30.06
-13.27 22.84 -30.61
-12.67 23.21 -30.76
-12.09 23.22 -31.09
-11.36 23.13 -31.27
-10.86 23.30 -31.51
-10.86 23.30 -31.51
-10.24 23.33 -31.84
-9.69 24.02 -31.86
-9.69 24.02 -31.86
-9.16 24.24 -32.06
-9.16 24.24 -32.06
-8.39 24.29 -32.21
-8.39 24.29 -32.21
-7.56 24.31 -32.01
-6.92 24.25 -32.15
-6.92 24.25 -32.15
-6.35 24.50 -32.13
-5.71 24.84 -32.19
-5.01 25.06 -32.05
-5.01 25.06 -32.05
-3.96 25.33 -31.96
-3.96 25.33 -31.96
-3.25 25.29 -31.96
-2.74 25.25 -32.03
-2.74 25.25 -32.03
-1.85 24.78 -32.13
5.58 20.50 -22.47
5.04 20.53 -22.19
4.51 20.59 -22.05
3.92 20.71 -21.84
3.92 20.71 -21.84
3.42 20.78 -21.53
2.95 20.79 -21.23
2.60 20.89 -20.73
2.05 21.02 -20.37
1.59 21.18 -20.20
1.12 21.42 -20.02
1.12 21.42 -20.02
-0.08 22.71 -19.45
-0.08 22.71 -19.45
-0.12 23.10 -19.06
-0.24 23.22 -18.53
-0.31 23.24 -18.03
0.12 23.23 -17.77
0.66 23.12 -17.92
1.20 22.99 -18.11
1.82 22.88 -18.30
1.82 22.2.33 31.22 -8.84
2.33 31.22 -8.84
11.84 22.53 -20.01
12.10 22.48 -19.46
12.39 22.48 -18.83
12.57 22.49 -18.32
9.92 22.08 -16.32
9.34 22.04 -16.15
8.75 22.03 -15.87
0.87 26.55 -4.99
0.71 26.71 -4.03
0.48 26.80 -3.21
0.32 26.91 -2.71
0.17 26.99 -2.23
-0.02 27.13 -1.78
-0.02 27.13 -1.78
-0.29 27.26 -0.94
-0.65 27.23 -0.45
-0.65 27.23 -0.45
-0.97 27.37 0.00
-1.29 27.06 -0.28
-1.29 26.75 -0.88
-1.22 26.45 -1.45
-1.22 26.45 -1.45
-1.17 26.06 -2.04
-1.16 25.97 -2.71
-1.16 25.97 -2.71
-1.10 25.86 -3.43
-1.18 26.00 -3.91
-1.18 26.00 -3.91
-0.82 25.62 -3.85
-0.58 25.33 -3.33
-0.34 24.58 -3.48
-0.13 23.81 -3.63
-0.02 23.22 -3.85
0.32 22.59 -4.29
0.51 22.08 -4.43
0.72 21.46 -4.70
0.84 20.98 -4.85
1.08 20.53 -5.06
1.08 20.53 -5.06
-2.43 22.74 -4.69
-2.51 22.82 -3.81
-2.29 22.92 -3.32
-2.29 22.92 -3.32
-2.08 23.40 -3.03
-2.12 24.09 -2.90
-2.12 24.09 -2.90
-2.30 24.51 -3.35
-2.45 24.80 -3.80
-2.71 25.12 -4.13
-2.71 25.12 -4.13
-3.20 25.38 -4.50
-3.20 25.38 -4.50
-11.63 20.30 -20.22
-11.63 20.30 -20.22
-12.18 19.92 -20.96
-12.63 19.63 -21.61
-12.91 19.47 -22.07
-6.78 20.62 -23.95
-6.78 20.62 -23.95
-6.18 20.45 -24.17
-5.67 20.32 -24.47
-5.67 20.32 -24.47
-5.11 20.26 -24.36
-4.49 20.04 -24.61
8.45 19.67 -24.01
8.45 19.67 -24.01
8.74 19.41 -23.55
8.74 19.41 -23.55
9.10 19.28 -23.04
9.10 19.28 -23.04
9.41 19.33 -22.53
9.41 19.33 -22.53
9.77 19.39 -21.81
9.77 19.39 -21.81
9.77 19.39 -21.81
10.00 19.36 -21.29
10.00 19.36 -21.29
10.22 19.39 -20.72
10.22 19.39 -20.72
10.48 19.42 -20.25
10.48 19.42 -20.25
10.78 19.40 -19.72
11.04 19.40 -19.29
11.31 19.29 -18.86
11.31 19.29 -18.86
11.71 19.13 -18.31
12.04 19.00 -17.91
12.04 19.00 -17.91
12.26 18.94 -17.39
12.26 18.94 -17.39
12.45 18.94 -16.78
12.54 19.00 -16.16
12.70 19.10 -15.68
12.70 19.10 -15.68
1.03 22.21 -5.22
0.57 22.33 -4.75
0.17 22.32 -4.39
-0.21 22.49 -3.97
-0.21 22.49 -3.97
-0.46 22.61 -3.46
-0.46 22.61 -3.46
-0.64 22.66 -2.99
-0.87 22.96 -2.66
-0.87 22.96 -2.66
-0.99 23.50 -2.59
-0.99 23.50 -2.59
-1.38 23.41 -2.17
-1.38 23.41 -2.17
-1.38 23.41 -2.17
-1.54 23.07 -1.83
-1.54 23.07 -1.83
-1.54 23.07 -1.83
-2.30 23.22 -2.94
-2.30 23.22 -2.94
-2.78 23.30 -3.86
-3.08 23.28 -4.47
-3.08 23.28 -4.47
-12.09 21.03 -19.27
-12.09 21.03 -19.27
-12.58 20.88 -19.60
-13.03 20.78 -19.94
-13.50 20.73 -20.27
-13.92 20.54 -20.66
-13.92 20.54 -20.66
-10.27 21.20 -21.85
-9.89 21.37 -21.39
-9.55 21.54 -21.02
-9.22 21.72 -20.65
-9.22 21.72 -20.65
-7.41 23.22 -17.99
-7.17 23.63 -17.46
-6.99 23.95 -16.97
-6.99 23.95 -16.97
-6.81 24.24 -16.44
-6.57 24.62 -15.90
-6.41 24.87 -15.47
-6.18 25.22 -14.78
-5.98 25.54 -14.17
-5.98 25.54 -14.17
-4.25 26.97 -3.42
-4.28 27.29 -2.95
-4.28 27.29 -2.95
-4.05 27.52 -2.51
-3.57 27.20 -2.61
-3.16 26.97 -2.98
-2.86 26.61 -3.74
-2.56 26.43 -4.52
-2.56 26.43 -4.52
3.76 25.58 -4.09
3.36 26.16 -3.88
2.98 26.89 -3.77
2.60 27.56 -3.80
2.60 27.56 -3.80
2.30 28.32 -3.93
1.73 29.79 -4.44
-2.60 26.46 -31.65
-2.60 26.46 -31.65
-2.54 25.96 -31.87
-2.54 25.96 -31.87
-2.54 25.96 -31.87
-2.78 25.20 -32.14
-2.78 25.20 -32.14
-3.14 24.02 -32.62
-3.52 23.57 -33.15
-3.75 23.12 -33.19
-3.75 23.12 -33.19
-3.69 22.61 -32.87
-3.69 22.61 -32.87
-8.73 15.70 -34.20
-8.73 15.70 -34.20
-9.35 15.77 -34.12
-10.04 15.29 -33.94
-10.48 15.18 -33.67
-10.48 15.18 -33.67
-8.76 18.87 -23.58
-8.76 18.87 -23.58
-8.76 18.87 -23.58
-8.76 18.87 -23.58
-8.21 19.36 -23.24
-7.71 19.74 -22.50
-7.71 19.74 -22.50
-7.48 19.93 -22.07
-7.24 20.08 -21.57
-7.24 20.08 -21.57
-6.99 20.30 -21.01
-6.73 20.53 -20.36
-6.73 20.53 -20.36
-6.47 20.74 -19.74
-6.47 20.74 -19.74
-6.28 20.99 -19.05
-6.28 20.99 -19.05
-5.90 21.63 -17.82
-5.72 21.96 -17.11
-5.72 21.96 -17.11
-2.54 27.10 -4.93
-2.54 27.10 -4.93
-2.25 26.61 -4.44
-2.25 26.61 -4.44
-2.25 26.61 -4.44
-1.95 26.07 -4.01
-1.95 26.07 -4.01
-1.67 25.47 -3.54
-1.67 25.47 -3.54
-1.67 25.47 -3.54
-1.48 24.84 -3.08
-1.48 24.84 -3.08
-1.48 24.84 -3.08
-1.34 24.19 -2.87
-1.34 24.19 -2.87
-1.34 24.19 -2.87
-1.34 24.19 -2.87
-1.37 23.69 -2.72
-1.65 23.23 -2.71
-1.65 23.23 -2.71
-1.65 23.23 -2.71
-2.12 22.79 -2.56
-2.58 22.34 -2.84
-3.10 21.97 -2.86
-3.10 21.97 -2.86
-3.45 21.60 -3.15
-3.45 21.60 -3.15
-3.65 21.27 -3.49
-3.62 20.82 -4.01
-3.57 19.31 -5.06
-3.57 19.31 -5.06
-3.57 19.31 -5.06
-3.66 17.89 -5.78
-3.57 17.09 -6.18
-3.57 17.09 -6.18
-3.47 16.33 -6.41
-3.30 15.33 -7.26
-3.30 15.33 -7.26
-3.30 15.33 -7.26
-3.31 16.10 -7.57
-3.51 17.31 -7.69
-3.53 17.85 -7.83
-3.53 17.85 -7.83
-3.18 24.21 -4.35
-3.18 24.21 -4.35
-2.88 23.79 -4.19
-2.62 23.18 -4.31
-2.62 23.18 -4.31
-2.56 22.67 -4.31
-2.84 22.19 -4.59
-2.84 22.19 -4.59
-2.84 22.19 -4.59
-2.84 22.19 -4.59
-2.84 22.19 -4.59
-2.95 22.49 -4.19
-3.15 22.26 -2.67
-2.97 22.34 -2.20
-2.69 22.16 -0.86
-2.69 22.72 -0.90
-2.69 22.72 -0.90
-2.52 23.19 -0.67
-2.52 23.19 -0.67
-2.35 23.73 -0.64
-2.35 23.73 -0.64
-2.13 24.19 -0.49
-2.13 24.19 -0.49
-2.13 24.19 -0.49
-2.03 24.85 -0.23
-1.88 25.37 -0.18
-1.88 25.37 -0.18
-1.64 26.00 0.06
-1.64 26.00 0.06
-1.30 26.40 -0.24
-1.05 26.88 -0.32
-0.94 27.37 -0.12
-0.94 27.37 -0.12
-0.94 27.91 -0.16
-0.94 27.91 -0.16
-0.99 28.48 -0.14
-0.99 28.48 -0.14
-0.99 28.48 -0.14
-1.15 29.78 -0.64
-1.26 30.50 -1.12
-1.26 30.50 -1.12
-1.30 31.08 -1.44
-1.32 32.34 -2.53
-1.38 32.79 -2.88
-4.72 23.66 -32.85
-4.72 23.66 -32.85
-4.31 23.49 -33.52
-4.31 23.49 -33.52
-4.77 23.22 -34.04
-4.77 23.22 -34.04
-4.77 23.22 -34.04
-5.04 22.90 -34.37
-5.04 22.90 -34.37
-5.04 22.90 -34.37
-5.04 22.90 -34.37
-5.16 22.29 -34.35
-5.16 22.29 -34.35
-5.16 22.29 -34.35
-5.16 22.29 -34.35
-5.29 21.79 -34.01
-5.16 21.23 -34.24
-5.00 20.45 -34.41
-5.55 19.85 -34.69
-6.15 19.12 -34.41
-6.15 19.12 -34.41
-6.09 18.63 -34.51
-5.68 18.33 -34.27
-5.68 18.33 -34.27
-4.09 18.84 -25.25
-4.09 18.84 -25.25
-4.09 18.84 -25.25
-4.09 18.84 -25.25
-3.99 19.33 -25.15
-3.88 17.69 -26.46
-3.88 17.69 -26.46
-3.20 18.06 -25.98
-3.20 18.06 -25.98
-2.85 18.40 -26.16
-5.08 16.08 -21.80
-5.08 16.08 -21.80
-4.96 16.08 -21.12
-4.96 16.08 -21.12
-4.79 16.15 -20.50
-2.87 18.53 -7.25
-2.70 18.34 -6.63
-2.38 17.75 -5.70
-2.38 17.75 -5.70
-2.39 17.97 -5.01
-2.38 18.29 -4.55
-2.27 18.79 -3.86
-2.27 18.79 -3.86
-1.96 19.12 -3.56
-1.96 19.12 -3.56
-1.55 19.38 -3.40
-1.90 19.38 -2.81
-1.90 19.38 -2.81
-2.33 18.95 -3.39
-2.53 18.64 -3.80
-2.68 18.41 -4.23
-2.68 18.41 -4.23
-2.90 18.19 -4.86
-3.10 17.80 -5.73
-3.10 17.80 -5.73
-3.21 17.57 -6.26
-3.30 17.27 -6.89
-3.30 17.27 -6.89
-3.35 16.78 -7.98
-3.39 16.57 -8.70
-3.39 16.45 -9.40
-3.39 16.45 -9.40
0.09 21.44 -5.23
0.09 21.44 -5.23
0.46 21.38 -4.62
0.46 21.38 -4.62
0.46 21.38 -4.62
0.06 21.22 -5.07
-12.27 16.83 -17.23
-12.27 16.83 -17.23
-13.04 16.75 -17.59
-13.58 16.59 -17.78
-14.05 16.60 -17.99
-14.05 16.60 -17.99
-14.69 16.70 -18.02
-14.69 16.70 -18.02
-15.39 16.67 -18.31
-15.39 16.67 -18.31
-15.39 16.67 -18.31
-15.97 16.47 -18.55
-15.97 16.47 -18.55
-16.66 16.52 -18.72
-17.14 16.26 -18.96
-14.38 16.35 -21.42
-14.38 16.35 -21.42
-13.83 16.46 -21.68
-13.15 16.60 -22.06
-12.46 16.67 -22.34
-12.46 16.67 -22.34
-11.65 16.68 -22.46
-10.91 16.68 -22.78
-10.91 16.68 -22.78
-10.07 16.72 -22.93
-9.39 16.82 -23.05
-8.73 16.91 -23.31
-8.06 16.98 -23.59
-8.06 16.98 -23.59
-7.37 17.09 -23.79
-6.53 17.19 -23.83
-5.77 17.34 -23.91
-5.19 17.43 -24.02
-4.60 17.56 -24.07
-3.93 17.67 -23.97
-3.18 17.82 -23.80
-2.56 17.94 -23.70
-1.97 18.03 -23.58
-1.43 18.13 -23.44
-1.43 18.13 -23.44
-0.88 18.24 -23.22
-0.41 18.35 -23.06
0.39 18.50 -22.71
0.39 18.50 -22.71
1.12 18.66 -22.10
1.69 18.77 -21.42
1.69 18.77 -21.42
2.10 18.79 -21.00
2.50 18.86 -20.60
2.79 18.84 -20.15
3.23 18.81 -19.85
3.90 18.74 -19.44
3.90 18.74 -19.44
-10.97 19.01 -16.93
-10.97 19.01 -16.93
-11.52 18.74 -17.49
-11.52 18.74 -17.49
-12.09 18.50 -18.13
-12.09 18.50 -18.13
-12.68 18.42 -18.76
-12.68 18.42 -18.76
-13.20 18.29 -19.49
-13.59 18.22 -19.86
-14.04 18.24 -20.52
-14.04 18.24 -20.52
-14.23 18.01 -20.99
-14.58 17.96 -21.37
-14.88 17.99 -21.90
-14.88 17.99 -21.90
2.33 18.51 -25.77
2.95 18.48 -25.28
3.59 18.56 -25.09
4.09 18.60 -25.09
4.57 18.55 -24.91
4.57 18.55 -24.91
5.04 18.49 -24.72
5.04 18.49 -24.72
5.65 18.36 -24.29
5.65 18.36 -24.29
5.97 18.32 -23.73
5.97 18.32 -23.73
6.47 18.42 -23.09
6.47 18.42 -23.09
6.76 18.44 -22.44
6.92 18.44 -21.88
7.45 18.48 -21.39
7.75 18.51 -20.79
8.02 18.45 -20.18
8.33 18.42 -19.49
8.33 18.42 -19.49
8.32 18.47 -18.98
8.17 18.77 -18.22
8.17 18.77 -18.22
-6.90 24.20 -16.36
-6.90 24.20 -16.36
-7.76 23.49 -18.31
-7.76 23.49 -18.31
-7.76 23.49 -18.31
-9.50 22.38 -20.70
-9.50 22.38 -20.70
-9.50 22.38 -20.70
-9.99 22.02 -21.20
-21.31 20.54 -26.52
-21.31 20.54 -26.52
-20.95 21.24 -26.68
-20.95 21.24 -26.68
-20.95 21.24 -26.68
5.41 19.66 -24.55
5.85 19.57 -24.27
5.85 19.57 -24.27
5.85 19.57 -24.27
6.87 19.33 -23.70
6.87 19.33 -23.70
8.42 18.29 -22.45
8.42 18.29 -22.45
8.90 18.35 -21.91
8.90 18.35 -21.91
9.26 18.34 -21.43
9.26 18.34 -21.43
9.57 18.31 -21.02
9.57 18.31 -21.02
9.93 18.23 -20.63
9.93 18.23 -20.63
10.31 18.15 -20.14
10.31 18.15 -20.14
10.61 18.08 -19.65
10.61 18.08 -19.65
10.96 18.04 -19.28
10.96 18.04 -19.28
11.07 17.75 -18.88
11.07 17.75 -18.88
10.63 17.44 -18.88
10.24 17.12 -18.82
9.76 16.83 -18.74
9.76 16.83 -18.74
9.50 17.15 -18.36
9.50 17.15 -18.36
9.22 17.60 -18.20
8.98 18.03 -18.01
8.98 18.03 -18.01
8.80 19.24 -17.66
8.80 19.24 -17.66
8.80 19.24 -17.66
9.26 19.56 -17.60
9.26 19.56 -17.60
9.85 19.49 -17.48
10.34 19.34 -17.36
10.34 19.34 -17.36
10.67 18.99 -17.13
10.67 18.99 -17.13
10.67 18.99 -17.13
10.70 18.49 -17.03
10.70 18.49 -17.03
10.70 18.49 -17.03
10.70 18.49 -17.03
10.70 18.49 -17.03
10.70 18.49 -17.03
10.70 18.49 -17.03
10.70 18.49 -17.03
10.70 18.49 -17.03
10.63 18.27 -17.47
10.63 18.27 -17.47
10.71 18.70 -17.71
10.49 19.25 -17.66
10.10 19.77 -17.29
9.81 20.04 -16.96
9.53 20.31 -16.61
9.53 20.31 -16.61
-0.57 21.41 -19.10
-0.57 21.41 -19.10
-6.35 21.60 -21.64
-7.24 21.58 -21.82
-8.12 21.53 -21.96
-8.58 21.17 -22.13
-9.04 20.78 -22.36
-9.04 20.78 -22.36
-9.04 20.78 -22.36
-9.88 20.98 -22.19
-9.88 20.98 -22.19
-10.75 20.95 -22.09
-3.09 25.60 -19.30
-2.91 25.74 -18.73
-2.70 25.82 -18.19
-2.70 25.82 -18.19
-2.30 25.87 -17.30
-2.09 25.83 -16.83
-1.77 25.63 -16.10
-1.41 25.34 -15.57
-0.65 23.41 -5.38
-0.76 23.58 -4.87
-0.73 23.58 -4.35
-0.65 23.20 -3.95
-0.65 23.20 -3.95
-0.59 23.05 -4.42
-0.59 23.05 -4.42
-0.65 23.54 -4.65
-0.74 23.92 -4.96
-0.74 23.92 -4.96
-0.86 24.49 -5.19
-0.99 25.04 -5.18
-1.02 25.55 -5.16
-1.02 25.55 -5.16
-1.09 26.12 -5.18
-1.07 26.63 -5.14
-1.07 26.63 -5.14
-0.97 27.24 -5.23
-0.68 27.53 -5.52
-0.68 27.53 -5.52
-15.08 17.21 -31.44
-15.08 17.21 -31.44
-15.08 17.21 -31.44
-15.08 17.21 -31.44
-14.86 18.06 -31.13
-14.86 18.06 -31.13
-2.15 31.25 -12.83
-1.81 30.94 -12.13
-1.81 30.94 -12.13
-0.68 30.84 -11.35
-0.68 30.84 -11.35
-0.33 30.78 -10.96
-0.09 30.43 -10.26
-0.01 30.15 -9.64
0.05 29.91 -9.16
9.24 21.75 -15.82
9.24 21.75 -15.82
9.45 21.48 -16.31
9.89 21.01 -17.55
9.89 21.01 -17.55
10.02 20.95 -18.03
10.11 21.00 -18.56
10.11 21.00 -18.56
10.19 21.18 -19.05
10.19 21.18 -19.05
10.66 21.16 -18.77
10.84 20.95 -18.36
10.84 20.95 -18.36
10.53 20.80 -17.94
10.13 20.47 -17.86
10.13 20.47 -17.86
9.75 20.13 -17.98
9.75 20.13 -17.98
9.17 20.22 -18.22
9.17 20.22 -18.22
8.62 20.36 -18.47
8.62 20.36 -18.47
8.06 20.47 -18.89
8.06 20.47 -18.89
7.59 20.37 -19.37
7.59 20.37 -19.37
7.30 20.18 -19.84
7.30 20.18 -19.84
7.20 20.28 -20.40
7.41 20.67 -20.72
7.41 20.67 -20.72
7.41 20.67 -20.72
7.95 21.06 -20.59
7.95 21.06 -20.59
9.48 21.43 -18.45
9.73 21.17 -17.79
9.73 21.17 -17.79
9.82 20.77 -17.43
9.56 20.36 -17.57
9.32 20.44 -18.04
9.13 20.71 -18.47
9.13 20.71 -18.47
8.98 21.09 -18.97
9.04 21.35 -19.40
9.24 20.91 -19.25
9.24 20.91 -19.25
8.72 20.98 -19.21
8.23 21.08 -19.39
8.16 20.99 -19.99
8.14 20.76 -20.44
7.98 20.49 -20.87
7.73 20.32 -21.49
7.73 20.32 -21.49
7.58 20.24 -22.07
7.58 20.24 -22.07
7.11 20.09 -22.55
6.44 20.09 -23.08
6.44 20.09 -23.08
6.00 20.12 -23.32
5.52 20.12 -23.54
4.94 20.08 -23.78
4.35 20.02 -23.98
4.35 20.02 -23.98
3.75 20.00 -24.23
3.03 19.79 -24.51
1.79 19.54 -25.01
1.79 19.54 -25.01
1.26 19.34 -25.13
1.26 19.34 -25.13
0.68 19.45 -25.16
0.00 19.56 -25.33
0.00 19.56 -25.33
-0.72 19.18 -25.57
-0.72 19.18 -25.57
-1.27 19.29 -25.66
-1.27 19.29 -25.66
-4.64 22.29 -22.69
-4.64 22.29 -22.69
-4.17 22.71 -21.80
-4.17 22.71 -21.80
-3.67 23.49 -19.09
-3.67 23.49 -19.09
-3.95 24.03 -18.97
-4.16 24.54 -19.00
-4.16 24.54 -19.00
-4.30 25.30 -19.02
-4.30 25.30 -19.02
-4.30 25.30 -19.02
-4.23 28.58 -15.86
-4.23 28.58 -15.86
-4.23 28.58 -15.86
-4.47 28.53 -15.33
-4.47 28.53 -15.33
-3.25 30.30 -11.67
-3.25 30.30 -11.67
-3.25 30.30 -11.67
-3.25 30.30 -11.67
-3.40 30.73 -11.33
-3.38 31.34 -11.12
-3.38 31.34 -11.12
-3.46 31.93 -10.77
-3.53 32.45 -10.53
-3.52 32.92 -10.36
-3.53 33.45 -10.16
-0.44 24.82 -18.39
-0.44 24.82 -18.39
-0.43 25.36 -18.44
-0.43 25.36 -18.44
-0.10 24.60 -18.65
-0.10 24.60 -18.65
0.03 24.07 -18.78
0.03 24.07 -18.78
0.03 24.07 -18.78
-0.16 24.67 -18.85
-0.16 24.67 -18.85
-0.55 24.87 -19.17
-0.78 25.34 -19.47
-0.78 25.34 -19.47
-1.19 25.29 -19.86
-1.62 23.88 -21.37
-1.62 23.88 -21.37
-1.62 23.88 -21.37
-1.62 23.88 -21.37
-1.77 23.49 -21.65
-1.77 23.49 -21.65
-1.77 23.49 -21.65
-1.77 23.49 -21.65
-1.77 23.49 -21.65
-1.77 23.49 -21.65
-1.77 23.49 -21.65
-2.01 23.39 -22.08
-2.01 23.39 -22.08
-2.01 23.39 -22.08
-2.01 23.39 -22.08
-2.01 23.39 -22.08
-2.01 23.39 -22.08
-2.01 23.39 -22.08
-2.01 23.39 -22.08
-2.29 22.97 -22.24
-2.29 22.97 -22.24
-2.29 22.97 -22.24
-2.29 22.97 -22.24
-2.29 22.97 -22.24
-2.29 22.97 -22.24
-2.29 22.97 -22.24
-2.29 22.97 -22.24
-2.29 22.97 -22.24
-2.29 22.97 -22.24
-2.29 22.97 -22.24
-2.29 22.97 -22.24
-2.61 22.42 -22.50
-2.61 22.42 -22.50
-2.61 22.42 -22.50
-2.61 22.42 -22.50
-2.61 22.42 -22.50
-2.61 22.42 -22.50
-2.61 22.42 -22.50
-2.61 22.42 -22.50
-2.61 22.42 -22.50
-2.82 22.16 -22.94
-2.82 22.16 -22.94
-2.82 22.16 -22.94
-2.82 22.16 -22.94
-2.82 22.16 -22.94
-2.82 22.16 -22.94
-2.82 22.16 -22.94
-2.82 22.16 -22.94
-2.82 22.16 -22.94
-2.82 22.16 -22.94
-2.82 22.16 -22.94
-2.82 22.16 -22.94
-6.24 38.13 -20.15
-6.24 38.13 -20.15
-6.24 38.13 -20.15
-6.47 38.71 -20.28
-6.56 39.32 -20.18
-6.56 39.32 -20.18
-6.53 39.78 -19.98
-6.77 40.64 -19.71
-6.77 40.64 -19.71
-5.89 41.06 -16.03
-6.17 41.41 -16.33
-6.17 41.41 -16.33
-6.45 42.12 -16.34
-6.55 42.94 -16.07
-6.73 43.38 -15.78
-6.73 43.38 -15.78
-6.73 43.38 -15.78
-6.60 43.99 -15.38
-6.63 44.36 -14.85
-6.27 44.68 -13.38
-6.27 44.68 -13.38
-6.23 44.56 -12.73
-6.23 44.56 -12.73
-6.27 44.02 -12.41
-6.24 43.23 -12.16
-6.24 43.23 -12.16
-6.15 42.47 -11.87
-6.15 42.47 -11.87
-4.06 30.33 -13.51
-4.06 30.33 -13.51
-3.98 29.43 -13.88
-3.98 29.43 -13.88
-3.92 28.79 -13.96
-3.89 28.12 -14.19
-3.89 28.12 -14.19
-3.92 27.53 -14.49
-3.92 27.53 -14.49
-3.90 26.87 -14.81
-3.90 26.87 -14.81
-3.90 26.28 -14.99
-3.88 25.53 -15.28
-3.88 25.53 -15.28
-3.87 24.86 -15.45
-3.81 20.05 -19.05
-3.91 20.73 -19.11
-4.27 22.72 -19.20
-4.27 22.72 -19.20
-4.37 23.39 -19.24
-4.46 24.07 -19.29
-4.59 24.73 -19.36
-4.70 25.33 -19.41
-5.98 40.87 -16.46
-5.98 40.87 -16.46
-5.93 41.51 -16.37
-5.80 41.94 -16.12
-5.80 41.94 -16.12
-5.69 42.61 -15.89
-5.57 43.43 -15.60
-5.57 43.43 -15.60
-5.43 44.06 -15.54
-5.43 44.06 -15.54
-5.20 44.50 -15.24
-4.86 44.78 -15.00
-4.17 44.82 -14.79
-4.17 44.82 -14.79
-3.27 44.41 -14.61
-2.73 44.07 -14.64
-2.18 43.78 -14.73
-1.61 43.15 -14.79
-0.99 42.49 -14.91
-0.99 42.49 -14.91
-0.43 42.01 -15.02
6.42 28.99 -14.85
6.42 28.99 -14.85
6.49 28.46 -14.80
6.56 27.84 -14.77
6.61 27.32 -14.68
6.64 26.35 -14.54
6.65 25.53 -14.48
6.64 24.78 -14.44
-4.08 18.49 -19.84
-4.95 18.26 -20.17
-4.95 18.26 -20.17
-5.87 18.07 -20.48
-6.80 17.94 -20.62
-6.80 17.94 -20.62
-7.31 17.87 -20.74
-7.31 17.87 -20.74
-8.23 17.77 -20.87
-8.74 17.80 -20.96
-9.23 17.89 -21.06
-9.71 18.00 -21.25
-10.37 18.15 -21.42
-10.37 18.15 -21.42
-10.96 18.54 -21.57
-10.96 18.54 -21.57
-11.58 19.13 -21.90
-11.58 19.13 -21.90
-11.79 19.38 -22.33
-5.45 34.89 -24.31
-5.45 34.89 -24.31
-4.95 35.62 -24.27
0.42 42.20 -20.64
0.42 42.20 -20.64
0.15 42.79 -20.54
5.22 42.12 -17.26
5.22 42.12 -17.26
6.02 41.90 -16.96
6.51 41.60 -16.74
6.51 41.60 -16.74
6.99 41.34 -16.68
7.33 40.99 -16.47
7.33 40.99 -16.47
7.73 40.51 -16.29
7.73 40.51 -16.29
9.76 27.32 -15.37
9.76 27.32 -15.37
9.46 26.49 -15.48
9.46 26.49 -15.48
9.46 26.49 -15.48
9.39 25.76 -15.58
9.39 25.76 -15.58
9.23 25.26 -15.61
9.23 25.26 -15.61
8.85 24.36 -15.58
8.85 24.36 -15.58
8.85 24.36 -15.58
8.65 23.57 -15.78
8.65 23.57 -15.78
8.65 23.57 -15.78
8.20 22.76 -15.97
8.20 22.76 -15.97
8.20 22.76 -15.97
7.70 22.04 -16.29
7.70 22.04 -16.29
7.70 22.04 -16.29
-0.16 15.87 -21.23
-0.93 15.56 -21.64
-1.35 15.38 -21.88
-1.93 15.29 -22.37
-1.93 15.29 -22.37
-2.60 15.29 -23.00
-3.28 15.33 -23.50
-3.28 15.33 -23.50
-3.83 15.53 -23.95
-4.20 15.87 -24.27
-4.56 16.34 -24.64
-4.84 16.73 -24.78
-5.08 17.24 -25.05
-5.31 17.73 -25.22
-5.61 18.10 -25.44
0.82 35.52 -8.36
0.91 34.97 -8.64
1.01 34.19 -9.07
1.12 33.65 -9.25
1.20 33.21 -9.52
1.28 32.75 -9.85
1.36 32.12 -10.22
1.50 31.46 -10.62
1.63 30.91 -10.90
1.74 30.45 -11.08
1.87 29.99 -11.30
1.87 29.99 -11.30
1.99 29.36 -11.72
2.15 28.88 -12.03
2.28 28.38 -12.27
2.39 27.85 -12.57
2.51 27.33 -12.79
2.60 26.80 -13.11
0.98 16.55 -20.79
0.77 16.17 -21.23
0.77 16.17 -21.23
0.55 15.82 -21.64
0.32 15.52 -22.00
0.32 15.52 -22.00
-0.16 15.05 -22.71
-0.16 15.05 -22.71
-0.47 14.82 -23.10
-0.47 14.82 -23.10
-1.04 14.61 -23.55
-1.53 14.14 -23.85
-1.53 14.14 -23.85
-2.17 14.21 -24.21
-3.14 14.56 -24.56
-3.14 14.56 -24.56
-5.72 16.00 -24.95
-6.06 16.52 -25.08
-6.06 16.52 -25.08
-6.38 16.99 -25.11
-6.77 17.89 -24.81
-6.77 17.89 -24.81
-7.10 18.92 -24.51
-7.10 18.92 -24.51
-7.21 19.57 -24.27
-7.26 20.06 -23.96
-7.30 20.54 -23.60
-7.34 20.99 -23.17
-7.40 21.35 -22.76
-7.40 21.35 -22.76
-7.49 21.72 -22.30
-7.49 21.72 -22.30
-7.49 21.72 -22.30
-7.86 22.11 -21.47
-7.86 22.11 -21.47
-8.03 22.20 -20.91
-8.03 22.20 -20.91
-8.03 22.20 -20.91
-9.51 20.50 -19.13
-9.51 20.50 -19.13
-9.51 20.50 -19.13
-9.93 20.22 -18.57
-9.93 20.22 -18.57
-10.19 20.34 -18.09
-10.19 20.34 -18.09
-10.62 20.52 -17.51
-11.03 20.76 -17.11
-11.50 21.03 -16.61
-12.22 21.29 -16.03
-12.22 21.29 -16.03
-12.64 21.51 -15.54
-16.72 23.83 -13.13
-16.72 23.83 -13.13
-16.72 23.83 -13.13
-17.06 24.24 -12.69
9.30 24.69 -17.55
9.30 24.69 -17.55
9.30 24.69 -17.55
9.34 24.20 -17.35
9.34 24.20 -17.35
9.34 24.20 -17.35
9.16 24.51 -16.86
9.16 24.51 -16.86
9.16 24.51 -16.86
8.66 25.00 -16.37
8.66 25.00 -16.37
8.16 25.17 -16.08
7.40 25.22 -15.78
6.72 25.33 -15.48
6.15 25.49 -15.23
5.69 25.63 -15.03
4.99 25.77 -14.76
4.99 25.77 -14.76
4.36 25.97 -14.34
3.80 26.14 -14.04
3.18 26.39 -13.63
-2.93 30.17 -6.77
-2.93 30.17 -6.77
-3.29 30.27 -6.35
-3.55 30.46 -5.88
-3.55 30.46 -5.88
-3.55 30.46 -5.88
-3.55 30.46 -5.88
-3.86 30.62 -5.52
-3.86 30.62 -5.52
-3.72 31.07 -5.34
-3.70 31.64 -5.29
-3.83 32.15 -5.22
-4.10 32.81 -5.16
-4.25 33.36 -5.26
-4.44 34.03 -5.75
-4.41 34.11 -6.28
-4.42 34.24 -6.97
-4.46 34.09 -7.88
-4.54 33.70 -8.55
2.54 18.71 -25.63
3.03 18.70 -25.42
3.55 18.72 -25.27
4.03 18.74 -25.12
4.49 18.83 -24.85
5.08 18.94 -24.55
5.62 18.97 -24.41
6.11 18.96 -24.30
6.54 19.15 -24.06
7.05 19.29 -23.61
7.51 19.49 -23.29
7.51 19.49 -23.29
7.87 19.80 -22.81
7.87 19.80 -22.81
7.87 19.80 -22.81
8.17 19.96 -22.21
8.40 20.03 -21.66
8.40 20.03 -21.66
8.71 19.87 -21.26
9.01 19.76 -20.74
9.01 19.76 -20.74
9.35 19.62 -20.27
9.35 19.62 -20.27
9.50 19.33 -19.77
9.55 18.93 -19.40
9.19 18.95 -18.94
9.19 18.95 -18.94
8.77 19.22 -18.55
8.43 19.52 -18.27
8.43 19.52 -18.27
8.08 19.84 -18.09
8.08 19.84 -18.09
7.67 20.20 -17.88
6.99 20.44 -17.60
-3.28 29.92 -7.35
-3.60 30.28 -7.04
-3.60 30.28 -7.04
-3.83 30.76 -6.75
-4.03 31.24 -6.52
-4.18 31.72 -6.32
-4.33 32.26 -6.18
-4.33 32.26 -6.18
-4.45 32.76 -5.83
-4.45 32.76 -5.83
-4.53 33.25 -5.56
-4.74 34.25 -5.14
-4.81 34.79 -4.89
-4.85 35.28 -4.72
-4.23 35.72 -5.68
-4.23 35.72 -5.68
-3.82 35.70 -6.07
-3.89 35.23 -6.62
-3.89 35.23 -6.62
-4.13 34.11 -9.27
-4.13 34.11 -9.27
-9.46 19.43 -23.86
-9.46 19.43 -23.86
-9.57 18.80 -24.13
-9.68 18.27 -24.45
-9.68 18.27 -24.45
-16.01 17.40 -20.78
-15.39 18.08 -21.05
-15.39 18.08 -21.05
-14.58 19.03 -21.01
-13.64 19.89 -20.81
-12.02 21.36 -20.37
-12.02 21.36 -20.37
-10.58 22.29 -20.18
-10.58 22.29 -20.18
-7.36 25.11 -17.95
-7.36 25.11 -17.95
-6.86 25.38 -17.79
-6.34 25.66 -17.54
-6.34 25.66 -17.54
-5.91 26.10 -17.39
-5.43 26.32 -17.21
9.60 20.52 -16.54
9.60 20.52 -16.54
9.93 20.26 -16.84
9.93 20.26 -16.84
10.33 19.98 -17.13
10.33 19.98 -17.13
10.63 19.78 -17.55
10.63 19.78 -17.55
10.99 19.91 -17.96
10.99 19.91 -17.96
11.44 19.74 -18.16
11.44 19.74 -18.16
11.82 19.37 -18.17
11.93 18.76 -18.17
11.93 18.76 -18.17
11.97 18.28 -18.00
11.97 18.28 -18.00
11.97 18.28 -18.00
11.97 18.28 -18.00
11.97 18.28 -18.00
11.53 18.26 -17.75
11.53 18.26 -17.75
11.65 17.73 -17.70
11.65 17.73 -17.70
11.90 17.09 -17.63
12.23 16.68 -17.39
12.23 16.68 -17.39
12.42 15.99 -17.37
12.54 15.48 -17.29
8.18 15.71 -19.52
7.73 16.38 -19.75
7.41 16.93 -19.95
7.20 17.39 -20.28
7.20 17.39 -20.28
7.20 17.39 -20.28
7.66 17.60 -20.23
7.62 17.22 -19.89
7.46 16.91 -20.32
6.89 16.72 -20.66
6.89 16.72 -20.66
6.41 16.54 -20.88
5.77 16.34 -21.08
5.08 16.16 -21.33
3.90 15.90 -21.71
3.90 15.90 -21.71
-3.53 15.68 -23.48
-3.53 15.68 -23.48
-4.52 15.68 -23.66
-5.34 15.67 -23.77
-5.99 15.67 -23.85
-5.99 15.67 -23.85
-6.56 15.88 -23.96
-7.20 16.15 -24.10
-7.20 16.15 -24.10
-7.58 16.38 -24.35
-7.16 16.20 -24.08
-7.16 16.20 -24.08
-7.16 16.20 -24.08
-6.72 16.11 -23.86
-6.26 16.39 -23.98
-5.76 16.32 -23.95
-5.20 16.26 -24.01
-5.20 16.26 -24.01
-4.58 16.06 -24.07
-4.58 16.06 -24.07
-3.95 15.89 -24.08
-2.88 15.80 -24.16
-1.91 15.74 -24.15
-1.25 15.70 -24.11
-0.29 15.72 -24.08
0.34 15.76 -24.08
0.34 15.76 -24.08
1.52 15.89 -24.03
2.43 16.04 -23.93
3.13 16.17 -23.80
3.63 16.27 -23.74
3.63 16.27 -23.74
3.63 16.27 -23.74
3.03 16.40 -23.92
3.03 16.40 -23.92
2.28 16.43 -24.05
2.28 16.43 -24.05
1.70 16.42 -24.12
1.06 16.37 -24.18
1.06 16.37 -24.18
0.35 16.31 -24.24
-0.70 16.24 -24.28
-0.70 16.24 -24.28
-1.41 16.06 -24.31
-2.39 16.09 -24.43
-2.95 16.10 -24.48
-2.95 16.10 -24.48
-3.74 16.09 -24.51
-3.74 16.09 -24.51
-4.39 15.98 -24.47
-5.04 16.05 -24.43
-5.04 16.05 -24.43
-5.57 16.10 -24.37
-6.24 16.19 -24.46
-6.24 16.19 -24.46
-6.60 16.39 -24.75
-6.07 16.65 -25.02
-5.56 16.82 -25.14
-4.89 17.05 -25.27
-4.33 17.20 -25.32
-4.33 17.20 -25.32
-3.68 17.36 -25.37
-2.98 17.50 -25.41
-2.98 17.50 -25.41
-2.24 17.62 -25.40
-2.24 17.62 -25.40
-1.14 17.82 -25.35
-0.39 17.91 -25.31
-0.39 17.91 -25.31
0.73 18.02 -25.21
0.73 18.02 -25.21
1.79 18.10 -25.07
1.79 18.10 -25.07
2.46 18.18 -24.96
2.46 18.18 -24.96
3.32 18.26 -24.75
4.09 18.33 -24.58
4.78 18.45 -24.41
5.50 18.51 -24.25
5.50 18.51 -24.25
4.99 18.52 -23.98
4.99 18.52 -23.98
4.44 18.47 -24.03
3.74 18.40 -24.00
3.74 18.40 -24.00
2.62 18.27 -24.00
2.62 18.27 -24.00
1.31 18.05 -23.96
1.31 18.05 -23.96
0.37 17.96 -23.85
-3.42 18.01 -22.87
-3.42 18.01 -22.87
-4.02 18.06 -22.70
-4.49 18.13 -22.54
-4.49 18.13 -22.54
-4.99 18.31 -22.04
-4.99 18.31 -22.04
-5.01 18.88 -21.81
-5.01 18.88 -21.81
-4.29 19.23 -21.80
-4.29 19.23 -21.80
-3.30 19.76 -21.78
-2.57 20.07 -21.72
-2.57 20.07 -21.72
-1.41 20.56 -21.55
-1.41 20.56 -21.55
-0.61 20.86 -21.42
-0.61 20.86 -21.42
0.58 21.18 -21.10
0.58 21.18 -21.10
1.34 21.42 -20.86
1.34 21.42 -20.86
5.41 21.45 -18.06
5.41 21.45 -18.06
5.68 21.34 -17.53
5.68 21.34 -17.53
-3.49 22.65 -17.69
-3.49 22.65 -17.69
-3.64 22.67 -18.27
-3.64 22.67 -18.27
-3.74 22.51 -18.79
-3.74 22.51 -18.79
-4.08 21.29 -20.42
-4.17 20.70 -20.93
-4.20 20.30 -21.23
-4.20 20.30 -21.23
-4.26 19.85 -21.59
-4.27 19.23 -22.15
-4.26 18.81 -22.51
-4.15 18.15 -23.10
-4.04 17.74 -23.47
-3.94 17.28 -23.87
-3.94 17.28 -23.87
-3.99 16.80 -24.23
-4.25 16.59 -24.62
-4.60 16.73 -25.05
-4.85 17.26 -25.35
-4.99 17.95 -25.53
-4.99 17.95 -25.53
-5.04 18.54 -25.54
-2.39 26.91 -17.94
-2.39 26.91 -17.94
-2.07 27.02 -17.16
-1.80 27.20 -16.27
-1.80 27.20 -16.27
-1.61 27.25 -15.77
-1.44 27.36 -15.17
-1.23 27.45 -14.37
-1.14 27.49 -13.82
-1.05 27.60 -13.14
-1.05 27.60 -13.14
-1.00 27.70 -12.57
-1.00 27.80 -11.89
-1.00 27.80 -11.89
-2.54 29.98 -7.71
-2.62 30.56 -7.55
-2.66 31.05 -7.42
-2.66 31.05 -7.42
-2.80 31.99 -7.20
-2.85 32.64 -7.11
-2.94 33.41 -6.95
-2.96 34.18 -6.82
-2.96 34.18 -6.82
-2.92 34.71 -6.90
-2.92 34.71 -6.90
-2.85 34.86 -7.39
-2.85 34.86 -7.39
-2.94 34.37 -7.87
-3.08 34.00 -8.25
-3.14 33.40 -8.31
-3.14 33.40 -8.31
-3.07 32.87 -8.67
-3.04 32.39 -9.39
-3.08 32.05 -9.85
-3.17 31.75 -10.41
-3.33 31.34 -11.01
-3.46 31.03 -11.40
-3.46 31.03 -11.40
-3.57 30.64 -11.80
-3.68 30.02 -12.27
-3.79 29.35 -12.68
-3.98 27.78 -13.53
-3.98 27.78 -13.53
-4.04 17.15 -20.28
-4.04 17.15 -20.28
-3.92 16.68 -20.60
-3.82 16.24 -20.89
-3.64 15.62 -21.22
-3.50 15.21 -21.58
0.16 35.45 0.05
0.16 35.45 0.05
-0.10 20.17 -19.54
-0.10 20.17 -19.54
-5.48 19.56 -25.06
-5.48 19.56 -25.06
-5.29 20.02 -24.57
-5.29 20.02 -24.57
-5.29 20.02 -24.57
-5.24 20.33 -24.07
-5.24 20.33 -24.07
-5.24 20.33 -24.07
-5.21 20.60 -23.65
-5.21 20.60 -23.65
-5.21 20.60 -23.65
-5.21 20.60 -23.65
-5.16 20.93 -23.07
-5.16 20.93 -23.07
-5.16 20.93 -23.07
-5.16 20.93 -23.07
-5.11 21.30 -22.51
-5.11 21.30 -22.51
-5.11 21.30 -22.51
-5.11 21.30 -22.51
-5.05 21.63 -21.95
-5.05 21.63 -21.95
-5.05 21.63 -21.95
-5.05 21.63 -21.95
-5.05 21.63 -21.95
-3.35 21.15 -20.70
-3.41 20.60 -21.17
-3.48 20.20 -21.51
-3.48 20.20 -21.51
-3.62 19.85 -22.02
-3.80 19.63 -22.49
-4.06 19.31 -23.11
-4.27 18.98 -23.57
-4.43 18.62 -23.97
-4.43 18.62 -23.97
-4.53 18.24 -24.30
-4.53 18.24 -24.30
-4.65 17.52 -24.73
-4.68 17.07 -24.96
-4.68 17.07 -24.96
-4.74 16.63 -25.20
-5.17 15.77 -24.79
-5.17 15.77 -24.79
-5.18 16.37 -24.34
-5.18 16.84 -23.94
-5.11 17.25 -23.66
-4.94 17.80 -23.30
-4.79 18.20 -23.03
-4.64 18.77 -22.72
-4.52 19.29 -22.47
-4.41 19.88 -22.21
-4.32 20.50 -21.92
-4.32 20.50 -21.92
-4.52 24.28 -19.44
-4.50 24.71 -18.77
-4.47 24.92 -18.31
-4.47 24.92 -18.31
-4.39 25.09 -17.83
-4.39 25.09 -17.83
-4.17 25.29 -17.33
-3.93 25.46 -16.91
-3.93 25.46 -16.91
-3.65 25.62 -16.41
-3.65 25.62 -16.41
-3.48 25.73 -15.81
-3.34 25.89 -15.33
-3.10 26.31 -15.09
-3.10 26.31 -15.09
-2.90 25.86 -15.23
-2.90 25.86 -15.23
-2.74 25.10 -15.56
-2.67 24.60 -15.91
-2.67 24.60 -15.91
-2.61 23.91 -16.58
-2.60 23.30 -17.10
-2.60 23.30 -17.10
-2.63 22.84 -17.57
-2.70 22.11 -18.23
-2.70 22.11 -18.23
-2.77 21.47 -18.82
-2.90 20.35 -19.88
-2.90 20.35 -19.88
-2.92 19.90 -20.19
-2.98 19.30 -20.74
-2.98 19.30 -20.74
-3.11 18.55 -21.50
-3.21 17.74 -22.38
-3.27 17.34 -22.76
-3.27 17.34 -22.76
-3.36 16.89 -23.21
-3.36 16.89 -23.21
-3.55 16.17 -23.85
-3.69 15.64 -24.27
-4.44 14.39 -24.40
-4.76 14.78 -24.19
-4.76 14.78 -24.19
-5.07 15.07 -23.89
-5.41 15.47 -23.29
-5.62 15.81 -22.92
-5.89 16.25 -22.26
-5.89 16.25 -22.26
-6.05 16.59 -21.85
-6.15 16.96 -21.35
-6.23 17.45 -20.68
-6.22 17.90 -20.05
-6.15 18.25 -19.53
-6.01 18.69 -18.94
-6.01 18.69 -18.94
-2.48 21.07 -18.50
-2.48 21.07 -18.50
-2.25 21.79 -18.43
-2.25 21.79 -18.43
-2.25 21.79 -18.43
-2.25 21.79 -18.43
-1.96 21.97 -19.04
-1.96 21.97 -19.04
-2.49 21.31 -22.66
-2.49 21.31 -22.66
-2.72 21.00 -23.77
-2.72 21.00 -23.77
-2.72 21.00 -23.77
-2.81 21.28 -23.20
-2.81 21.28 -23.20
-2.81 21.28 -23.20
-2.81 21.28 -23.20
-2.86 21.34 -22.69
-2.86 21.34 -22.69
-3.05 20.86 -22.76
-3.28 20.25 -23.06
-3.49 19.58 -23.48
-3.67 19.10 -23.68
-3.67 19.10 -23.68
-4.03 18.49 -23.91
-4.03 18.49 -23.91
-4.36 18.16 -24.13
-4.81 17.83 -24.39
-4.81 17.83 -24.39
-4.81 17.83 -24.39
-5.25 17.65 -24.59
-5.84 17.65 -24.62
-6.34 17.58 -24.44
-6.89 17.46 -24.15
-6.89 17.46 -24.15
-7.36 17.35 -23.87
-7.90 17.15 -23.49
-7.90 17.15 -23.49
-8.30 16.89 -23.17
-8.88 16.78 -22.86
-9.44 16.73 -22.64
-9.32 17.35 -22.88
-9.09 17.79 -23.12
-8.88 18.09 -23.48
-8.88 18.09 -23.48
-9.46 18.21 -23.73
-10.12 18.12 -23.70
-10.12 18.12 -23.70
-10.73 18.32 -23.61
-10.73 18.32 -23.61
-6.63 19.42 -24.71
-6.63 19.42 -24.71
-6.40 18.94 -24.75
-6.17 18.43 -24.82
-5.93 17.98 -24.81
-5.56 17.37 -24.77
-5.22 16.83 -24.67
-4.87 16.27 -24.48
-4.60 15.79 -24.29
-4.34 15.38 -24.10
-4.06 14.93 -23.87
-3.73 14.50 -23.57
-3.43 14.23 -23.23
-3.29 13.96 -22.78
-3.29 13.96 -22.78
-3.12 13.56 -22.37
-2.97 13.08 -22.21
-2.68 12.63 -22.10
-2.41 12.35 -21.77
-5.17 13.69 -21.04
-5.17 13.69 -21.04
-5.77 14.03 -21.31
-6.22 14.28 -21.52
-6.74 14.60 -21.77
-7.13 14.87 -21.96
-7.25 14.92 -22.44
-6.85 14.82 -22.75
-6.58 15.01 -23.15
-6.58 15.01 -23.15
-6.58 15.01 -23.15
-6.58 15.01 -23.15
-6.25 15.83 -23.26
-6.25 15.83 -23.26
-5.79 16.63 -23.18
-5.79 16.63 -23.18
-5.40 17.07 -23.35
-4.67 17.02 -23.93
-4.67 17.02 -23.93
-4.03 17.15 -24.03
-4.03 17.15 -24.03
-4.03 17.15 -24.03
-3.25 17.26 -23.79
-3.25 17.26 -23.79
-3.25 17.26 -23.79
-2.61 17.37 -23.56
-2.61 17.37 -23.56
-2.61 17.37 -23.56
-2.08 17.57 -23.62
-2.08 17.57 -23.62
-1.63 17.69 -23.90
-1.25 17.63 -24.24
-1.25 17.63 -24.24
-1.28 17.04 -24.63
-1.31 16.48 -24.84
-1.39 16.04 -25.14
-1.39 16.04 -25.14
-5.98 17.27 -25.83
-6.18 18.19 -25.77
-3.80 18.54 -25.72
-3.80 18.54 -25.72
-3.80 18.54 -25.72
-3.73 18.83 -25.07
-3.73 18.83 -25.07
-3.70 18.16 -23.41
-3.70 18.16 -23.41
-3.76 17.80 -22.93
-3.61 17.53 -22.49
-3.33 17.12 -22.10
-3.33 17.12 -22.10
-3.11 16.71 -21.76
-2.97 16.35 -21.44
-2.94 16.14 -20.93
-2.94 16.14 -20.93
-2.67 16.93 -20.47
-2.84 16.56 -20.79
-2.92 16.13 -21.05
-2.92 16.13 -21.05
-3.03 15.76 -21.47
-3.16 15.47 -21.95
-3.16 15.47 -21.95
-3.33 15.14 -22.48
-3.56 14.79 -22.93
-3.74 14.25 -23.22
-3.83 13.78 -23.50
-3.79 11.52 -24.12
-3.68 11.02 -24.45
-3.68 11.02 -24.45
-3.68 11.02 -24.45
-3.68 11.02 -24.45
-2.98 10.78 -24.56
-4.87 15.60 -24.50
-4.74 16.04 -24.25
-4.82 16.53 -24.05
-4.77 16.99 -23.83
-4.77 16.99 -23.83
-4.76 17.57 -23.59
-4.80 18.09 -23.54
-4.85 18.76 -23.68
-4.85 18.76 -23.68
-4.79 19.33 -23.79
-4.79 19.33 -23.79
-4.86 19.98 -23.92
-4.87 20.56 -23.93
-3.41 31.91 -27.73
-3.41 31.91 -27.73
-3.68 32.48 -27.68
-3.68 32.48 -27.68
-3.68 32.48 -27.68
-3.20 32.78 -27.37
-3.20 32.78 -27.37
-2.55 32.74 -27.53
1.53 36.49 -5.99
1.53 36.49 -5.99
1.72 36.39 -5.52
2.02 36.40 -5.11
2.02 36.40 -5.11
2.78 36.20 -4.03
2.78 36.20 -4.03
3.60 35.23 -1.52
3.60 35.23 -1.52
3.78 35.08 -1.04
5.21 33.00 0.85
5.82 32.05 0.98
5.82 32.05 0.98
6.07 31.68 1.32
6.07 31.68 1.32
6.36 31.31 1.77
6.36 31.31 1.77
6.64 31.11 2.14
7.01 30.92 2.70
7.50 30.62 3.03
7.50 30.62 3.03
7.50 30.62 3.03
7.88 30.73 3.47
7.92 31.23 3.86
7.92 31.23 3.86
8.24 31.37 4.34
8.72 31.08 4.74
8.98 32.01 4.80
8.98 32.01 4.80
9.03 32.51 4.54
8.94 33.15 4.57
8.94 33.15 4.57
8.94 33.15 4.57
9.06 34.21 4.18
9.15 34.84 3.52
9.09 35.20 2.85
8.84 35.50 2.07
8.84 35.50 2.07
8.60 36.32 1.44
6.70 36.21 -1.24
6.70 36.21 -1.24
6.21 36.05 -1.89
6.21 36.05 -1.89
5.99 36.11 -2.49
5.62 35.97 -3.02
5.30 35.91 -3.64
5.30 35.91 -3.64
4.88 35.87 -4.28
4.43 35.61 -4.89
4.43 35.61 -4.89
4.43 35.61 -4.89
3.88 35.58 -5.76
3.88 35.58 -5.76
3.51 35.73 -6.12
3.08 35.76 -6.53
3.08 35.76 -6.53
2.43 35.63 -7.30
2.26 35.34 -7.71
2.26 35.34 -7.71
2.22 34.53 -8.26
2.09 34.09 -8.75
2.09 34.09 -8.75
1.94 34.05 -9.22
1.79 34.02 -9.75
1.62 33.81 -10.19
-4.95 29.43 -12.50
-4.95 29.43 -12.50
-13.32 14.12 -19.73
-13.32 14.12 -19.73
-13.32 14.12 -19.73
-13.32 14.12 -19.73
-8.21 20.48 -17.91
-8.21 20.48 -17.91
-2.40 18.07 -26.11
-2.40 18.07 -26.11
-2.40 18.07 -26.11
-2.62 18.04 -25.62
-2.79 17.81 -25.16
-2.79 17.81 -25.16
-2.79 17.22 -24.72
-2.79 17.22 -24.72
-2.60 17.91 -24.43
-2.53 18.97 -24.30
-2.51 19.61 -24.27
-2.51 19.61 -24.27
-2.50 20.66 -24.20
-2.82 18.23 -26.20
-2.82 18.23 -26.20
-2.82 18.23 -26.20
-2.86 17.90 -25.76
-2.86 17.90 -25.76
-2.86 17.90 -25.76
-2.86 17.90 -25.76
-2.87 17.57 -25.25
-2.87 17.57 -25.25
-2.87 17.57 -25.25
-2.87 17.57 -25.25
-2.79 17.23 -24.89
-2.79 17.23 -24.89
-2.79 17.23 -24.89
-2.79 17.23 -24.89
-2.79 17.23 -24.89
-2.56 16.88 -24.61
-2.10 16.88 -24.34
-2.07 17.56 -24.23
-2.20 18.31 -24.07
-2.39 19.23 -23.90
-2.39 19.23 -23.90
-2.50 19.73 -23.74
-3.91 14.57 -24.35
-3.91 14.57 -24.35
-3.91 14.57 -24.35
-3.91 14.57 -24.35
-4.72 15.22 -23.70
-4.72 15.22 -23.70
-5.11 15.59 -23.41
-5.11 15.59 -23.41
-5.65 15.92 -23.14
-5.65 15.92 -23.14
-6.14 16.70 -22.79
-6.14 16.70 -22.79
-6.44 17.21 -22.61
-6.44 17.21 -22.61
-7.01 18.28 -22.39
-7.01 18.28 -22.39
-7.31 19.07 -22.20
-7.31 19.07 -22.20
-7.60 19.60 -22.06
-7.88 20.06 -22.02
-8.07 20.59 -22.11
-8.07 20.59 -22.11
-8.07 20.59 -22.11
-7.91 21.12 -22.46
-7.91 21.12 -22.46
-7.55 21.04 -22.86
-7.55 21.04 -22.86
-6.89 20.94 -23.20
-6.89 20.94 -23.20
-6.25 21.13 -23.25
-5.43 21.41 -23.32
-5.43 21.41 -23.32
-4.65 21.49 -23.40
-4.19 21.31 -23.47
-4.19 21.31 -23.47
-3.51 21.11 -23.57
-3.51 21.11 -23.57
-3.02 20.93 -23.61
-2.57 20.51 -23.66
-2.45 19.77 -23.75
-2.43 19.26 -23.85
-2.39 18.60 -23.91
-2.39 18.60 -23.91
-2.39 18.00 -23.99
-2.39 17.24 -24.01
-2.39 17.24 -24.01
-2.46 16.63 -24.00
-2.60 15.85 -23.86
-2.75 15.28 -23.65
-3.04 14.94 -23.35
-2.56 14.67 -23.30
-2.56 14.67 -23.30
-2.17 14.10 -23.29
-2.69 14.11 -23.37
-2.68 14.18 -23.89
-2.67 14.50 -24.29
-2.83 14.89 -24.65
-3.24 15.91 -25.15
-3.29 16.43 -25.25
-3.31 17.11 -25.34
-3.31 17.61 -25.55
-3.13 16.98 -25.98
-2.25 16.30 -25.72
-2.58 16.69 -25.79
-3.16 16.87 -25.62
-3.57 17.17 -25.49
-3.57 17.17 -25.49
-4.18 17.49 -25.38
-4.76 17.60 -25.33
-5.42 17.56 -25.28
-5.84 17.29 -25.36
-5.84 17.29 -25.36
-2.31 11.02 -24.64
-2.24 10.60 -24.37
-2.17 10.18 -24.01
-2.13 9.75 -23.66
-2.13 9.75 -23.66
-2.21 9.47 -23.07
-2.21 9.47 -23.07
-2.51 9.71 -22.65
-2.16 9.41 -22.88
-2.02 9.89 -23.21
-2.05 10.49 -23.32
-2.16 11.11 -23.32
-2.27 11.82 -23.28
-2.06 11.99 -22.76
-2.06 11.99 -22.76
-2.06 11.99 -22.76
-1.99 11.44 -22.93
-2.15 10.32 -23.27
-2.15 10.32 -23.27
-2.41 10.13 -24.22
-2.41 10.13 -24.22
-2.28 10.57 -25.01
-5.40 23.42 -20.98
-5.40 23.42 -20.98
-2.35 15.84 -25.32
-2.00 16.27 -25.02
-2.00 16.27 -25.02
-2.00 16.27 -25.02
-1.78 16.69 -24.83
-1.78 16.69 -24.83
-1.78 16.69 -24.83
-1.78 17.13 -25.37
-1.78 17.13 -25.37
-1.32 16.95 -25.62
-1.32 16.95 -25.62
-1.32 16.95 -25.62
-0.43 17.37 -25.94
-0.43 17.37 -25.94
-0.43 17.37 -25.94
-0.43 17.37 -25.94
-0.55 16.70 -26.16
-0.55 16.70 -26.16
-6.43 19.04 -25.13
-6.43 19.04 -25.13
-6.45 19.53 -24.82
-6.45 19.53 -24.82
-2.16 22.06 -23.55
-2.24 21.98 -22.87
-2.19 21.47 -20.17
-2.09 20.59 -19.80
-1.97 19.65 -20.30
-1.95 19.16 -20.74
-1.91 18.68 -21.27
-1.91 18.33 -21.77
-1.98 17.91 -22.51
-2.00 17.67 -23.05
-2.00 17.67 -23.05
-2.03 17.44 -23.53
-2.07 17.24 -24.02
-2.14 16.87 -24.47
-2.18 16.65 -25.05
-2.23 16.49 -25.54
-3.45 17.30 -26.49
-3.45 17.30 -26.49
-3.45 17.30 -26.49
-3.45 17.30 -26.49
-3.90 17.14 -26.24
-3.90 17.14 -26.24
-3.90 17.14 -26.24
-3.90 17.14 -26.24
-3.90 17.14 -26.24
-4.38 17.14 -26.07
-4.38 17.14 -26.07
-4.38 17.14 -26.07
-4.38 17.14 -26.07
-4.40 17.44 -25.58
-4.40 17.44 -25.58
-4.00 17.66 -25.21
-3.66 17.85 -24.88
-4.52 17.90 -25.83
-4.52 17.90 -25.83
0.64 19.88 -25.19
0.64 19.88 -25.19
-0.65 19.90 -24.99
-1.65 19.86 -24.99
-1.65 19.86 -24.99
-2.11 19.62 -25.11
-2.97 19.04 -25.30
-2.97 19.04 -25.30
-3.47 18.98 -25.53
-3.47 18.98 -25.53
1.99 21.61 -23.70
2.51 21.16 -23.72
3.31 20.51 -23.66
3.84 20.11 -23.58
4.68 19.48 -23.48
4.68 19.48 -23.48
5.26 19.06 -23.37
5.26 19.06 -23.37
6.14 18.42 -23.17
6.69 17.98 -22.99
6.69 17.98 -22.99
7.17 17.21 -22.63
7.17 17.21 -22.63
7.03 16.69 -22.49
7.03 16.69 -22.49
6.23 16.30 -22.47
6.23 16.30 -22.47
5.75 16.16 -22.50
-6.35 17.41 -23.06
-6.35 17.41 -23.06
-3.14 23.00 -32.70
-3.14 23.00 -32.70
-2.86 23.68 -33.26
-2.34 24.28 -33.41
-2.34 24.28 -33.41
-1.00 22.11 -23.34
-0.38 21.84 -23.33
-0.38 21.84 -23.33
0.01 21.48 -23.49
0.01 21.48 -23.49
0.01 21.48 -23.49
-1.00 26.08 -18.25
-1.00 26.08 -18.25
-1.00 25.32 -17.88
-1.00 25.32 -17.88
-1.12 24.39 -17.69
-1.12 24.39 -17.69
-1.35 23.39 -17.46
-1.35 23.39 -17.46
-16.37 12.10 -15.81
-16.37 12.10 -15.81
-16.37 12.10 -15.81
-15.60 12.11 -16.19
-15.60 12.11 -16.19
-15.60 12.11 -16.19
-15.60 11.55 -16.21
-15.60 11.55 -16.21
-15.18 10.90 -16.18
-15.18 10.90 -16.18
-15.18 10.90 -16.18
-15.18 10.90 -16.18
-16.06 11.18 -15.28
-16.06 11.18 -15.28
-16.06 11.18 -15.28
-16.06 11.18 -15.28
-16.06 11.18 -15.28
-16.06 11.18 -15.28
-0.03 22.17 -23.25
0.16 21.63 -23.16
0.66 21.28 -23.14
1.19 21.27 -23.16
1.19 21.27 -23.16
1.72 21.34 -23.17
1.12 21.30 -23.76
0.61 21.26 -24.01
0.61 21.26 -24.01
0.09 21.18 -24.44
-2.36 22.65 -22.81
-2.01 22.12 -22.16
-1.47 21.35 -21.29
-1.47 21.35 -21.29
-1.27 21.39 -20.82
-0.07 23.94 -21.24
-0.62 23.91 -21.34
-0.33 21.48 -19.13
-0.68 21.56 -18.75
-1.16 21.91 -18.80
-1.16 21.91 -18.80
-1.88 21.89 -18.42
-1.88 21.89 -18.42
-2.33 21.85 -18.09
-2.33 21.85 -18.09
0.87 15.85 -9.30
0.87 15.85 -9.30
0.83 15.33 -9.33
0.54 14.93 -9.59
0.54 14.93 -9.59
0.49 14.37 -9.49
0.49 14.37 -9.49
0.49 14.37 -9.49
0.92 14.67 -9.73
1.39 14.64 -9.94
1.39 14.64 -9.94
1.39 14.64 -9.94
1.02 15.09 -10.68
1.02 15.09 -10.68
1.02 15.09 -10.68
1.19 14.65 -10.82
1.19 14.65 -10.82
1.19 14.65 -10.82
1.51 15.03 -10.86
1.51 15.03 -10.86
0.99 24.42 -16.23
0.99 24.42 -16.23
1.04 25.00 -16.56
1.07 25.53 -16.83
1.07 26.04 -17.19
1.10 26.72 -17.55
1.12 27.21 -17.83
-9.63 17.26 -24.88
-9.03 16.64 -24.15
-9.03 16.64 -24.15
-8.74 17.17 -23.70
-8.74 17.17 -23.70
-9.80 17.46 -24.06
-10.24 17.89 -23.86
-10.24 17.89 -23.86
-10.24 17.89 -23.86
-10.40 18.23 -24.18
-10.40 18.23 -24.18
-10.40 18.23 -24.18
-10.40 18.23 -24.18
-10.40 18.23 -24.18
-8.84 21.71 -21.91
-8.84 20.87 -22.19
-8.84 20.87 -22.19
-8.53 19.63 -22.27
-8.53 19.63 -22.27
-8.14 19.15 -22.17
-8.14 19.15 -22.17
-8.14 19.15 -22.17
-8.14 19.15 -22.17
-7.75 19.76 -22.33
-7.75 19.76 -22.33
-7.75 19.76 -22.33
-7.28 20.09 -22.64
-7.28 20.09 -22.64
-7.28 20.09 -22.64
-7.12 20.53 -23.00
-7.12 20.53 -23.00
-7.12 20.53 -23.00
-7.12 20.53 -23.00
-6.68 20.28 -23.28
-0.73 19.50 -20.09
-1.05 19.89 -20.60
-1.36 20.19 -21.03
-1.75 20.54 -21.78
-2.02 20.70 -22.21
-2.68 20.96 -23.16
-3.25 21.16 -23.92
-3.25 21.16 -23.92
-8.97 18.81 -23.89
-8.85 18.26 -23.95
-8.85 18.26 -23.95
-8.72 17.72 -23.86
-8.51 17.04 -23.86
-8.35 16.42 -23.85
-8.13 15.92 -23.82
-7.89 15.48 -23.72
-7.89 15.48 -23.72
-7.45 14.80 -23.60
-7.45 14.80 -23.60
-7.06 14.31 -23.59
-7.06 14.31 -23.59
-6.31 11.98 -22.70
-6.31 11.98 -22.70
-6.26 11.58 -22.36
-6.73 11.95 -22.53
-8.31 14.51 -23.44
-9.38 16.05 -23.83
-9.74 16.46 -23.74
-9.74 16.46 -23.74
-10.11 16.80 -23.79
-10.61 17.04 -23.94
-10.61 17.04 -23.94
-10.14 16.88 -24.31
-9.60 16.83 -24.50
-5.55 16.79 -25.55
-5.55 16.79 -25.55
-5.55 16.79 -25.55
-5.55 16.79 -25.55
-5.55 16.79 -25.55
-5.55 16.79 -25.55
-5.55 16.79 -25.55
-5.55 16.79 -25.55
-5.55 16.79 -25.55
-5.55 16.79 -25.55
-5.55 16.79 -25.55
-5.55 16.79 -25.55
-5.55 16.79 -25.55
-6.01 16.88 -25.33
-6.01 16.88 -25.33
-6.01 16.88 -25.33
-6.01 16.88 -25.33
-6.01 16.88 -25.33
-6.01 16.88 -25.33
-5.90 17.01 -24.84
-5.90 17.01 -24.84
-6.03 17.46 -24.64
-6.03 17.46 -24.64
-6.15 18.03 -24.54
-6.27 18.78 -24.46
-6.37 19.51 -24.37
-6.45 20.19 -24.36
-4.74 35.28 -24.00
-4.74 35.28 -24.00
-4.74 35.28 -24.00
-4.92 35.77 -24.03
-5.04 36.36 -24.15
-5.04 36.36 -24.15
-5.02 35.79 -23.84
-5.02 35.79 -23.84
-5.35 36.58 -22.50
-5.58 37.47 -22.38
-5.58 37.47 -22.38
-5.48 37.98 -22.03
-5.48 37.98 -22.03
-5.48 37.98 -22.03
-5.48 37.98 -22.03
-5.23 38.26 -21.67
-5.23 38.26 -21.67
-4.77 38.20 -21.30
-4.61 38.38 -20.78
-4.61 38.38 -20.78
-4.61 38.38 -20.78
-4.50 38.63 -20.36
-4.50 38.63 -20.36
-4.50 38.63 -20.36
-4.50 38.63 -20.36
-4.50 38.63 -20.36
-4.50 38.63 -20.36
-4.03 38.40 -20.50
-4.03 38.40 -20.50
-4.03 38.40 -20.50
-4.03 38.40 -20.50
-4.03 38.40 -20.50
-4.03 38.40 -20.50
-4.03 38.40 -20.50
-4.03 38.40 -20.50
-3.66 38.12 -20.71
-3.66 38.12 -20.71
-0.34 32.04 -11.18
1.44 32.05 -8.35
1.44 32.05 -8.35
1.44 32.05 -8.35
2.47 31.37 -7.78
2.47 31.37 -7.78
2.98 31.20 -7.63
2.98 31.20 -7.63
2.42 30.88 -7.76
2.42 30.88 -7.76
1.46 30.39 -7.16
1.46 30.39 -7.16
-5.53 14.06 -21.63
-5.53 14.06 -21.63
-4.50 13.80 -21.83
-4.50 13.80 -21.83
-4.50 13.80 -21.83
-4.50 13.80 -21.83
-4.54 14.29 -22.12
-4.54 14.29 -22.12
-4.54 14.29 -22.12
-4.54 14.97 -22.27
-4.48 15.80 -22.00
-4.48 15.80 -22.00
-4.22 16.31 -21.88
-4.22 16.31 -21.88
-4.22 16.31 -21.88
-3.99 17.06 -21.60
-3.99 17.06 -21.60
-3.99 17.06 -21.60
-3.99 17.06 -21.60
-3.99 17.06 -21.60
-3.99 17.06 -21.60
-3.88 16.53 -21.69
-3.88 16.53 -21.69
-3.88 16.53 -21.69
-3.93 15.93 -21.46
-3.93 15.93 -21.46
-4.13 15.54 -21.17
-4.13 15.54 -21.17
-5.01 15.26 -21.08
-5.01 15.26 -21.08
-5.63 15.25 -20.96
-5.63 15.25 -20.96
-5.63 15.25 -20.96
-5.63 15.25 -20.96
-6.43 14.83 -20.75
-6.43 14.83 -20.75
-8.35 14.50 -21.60
-8.35 14.50 -21.60
-8.83 14.66 -21.74
-8.83 14.66 -21.74
-9.51 15.06 -21.87
-9.51 15.06 -21.87
-10.21 15.53 -22.16
-10.21 15.53 -22.16
-10.66 15.91 -22.42
-10.66 15.91 -22.42
-10.66 15.91 -22.42
-11.26 16.42 -22.91
-11.26 16.42 -22.91
-11.26 16.42 -22.91
-11.26 16.42 -22.91
-11.26 16.42 -22.91
-11.26 16.42 -22.91
-11.67 16.74 -23.07
-11.67 16.74 -23.07
-11.67 16.74 -23.07
-11.67 16.74 -23.07
-11.67 16.74 -23.07
-11.67 16.74 -23.07
-11.67 16.74 -23.07
-11.67 16.74 -23.07
-11.67 16.74 -23.07
-11.67 16.74 -23.07
-12.17 17.03 -23.03
-12.17 17.03 -23.03
-12.17 17.03 -23.03
-12.17 17.03 -23.03
-12.17 17.03 -23.03
-12.17 17.03 -23.03
-12.17 17.03 -23.03
-12.17 17.03 -23.03
-12.17 17.03 -23.03
-12.17 17.03 -23.03
-12.17 17.03 -23.03
-12.17 17.